# Imaging parameters
Imaging:
  RES: [70, 55, 1]
  FOV: [0.16, 0.12, 0.008]    # meters
  TimeSpacing: 0.04           # seconds
  Oversampling: 2
  Sequence: "FFE"
  LinesPerShot: 11

PositionEncoding:
  ke: 448.8                 # meters^-1
  Directions:
    dir1: [1.0, 0.0, 0.0]
    dir2: [0.0, 1.0, 0.0]

# Hardware parameters
Hardware:
  G_sr: 180.0    # in mT/m/s
  G_max: 33.0    # in mT/m
  r_BW: 50.0e+3 # in Hz (equivalent to 450 Hz/pixel)

# Imaging orientation (make sure about orthogonality)
Formatting:
  # Data taken from Box paraview filter
  theta_x: -9.209081171087387    # degrees
  theta_y: -90.70278176464689    # degrees
  theta_z: 1.115864928954766     # degrees
  LOC: [0.022945010601301028, 0.0014597910123357039, 0.0195306879396226624]

Phantom:
  T2star: 0.05     # seconds
  T1: 0.8         # seconds 